function CData = ico_hardware_pci()
	%ico_hardware_pci
	%Image CData code generated by HardCodeImage


	CData(:,:,1)=[...
		1.000	0.988	1.000	0.988	0.988	0.996	1.000	0.996	0.988	1.000	0.996	0.988	0.996	1.000	0.988	0.988	1.000	0.988	0.988	1.000	1.000	1.000	1.000	1.000	1.000	1.000	1.000	1.000	1.000	1.000	1.000	1.000;...
		1.000	1.000	1.000	0.988	1.000	0.988	1.000	0.988	1.000	1.000	0.988	1.000	0.988	1.000	0.988	1.000	1.000	0.988	1.000	1.000	1.000	1.000	1.000	1.000	1.000	1.000	1.000	1.000	0.988	0.988	1.000	0.988;...
		1.000	0.988	0.145	0.145	0.216	0.722	1.000	0.988	1.000	1.000	0.988	1.000	0.988	1.000	0.988	1.000	1.000	1.000	0.988	1.000	1.000	1.000	1.000	1.000	1.000	1.000	1.000	1.000	1.000	1.000	1.000	1.000;...
		1.000	0.988	0.145	0.145	0.145	0.216	1.000	1.000	0.988	1.000	1.000	0.988	1.000	1.000	0.988	1.000	1.000	0.988	0.988	1.000	1.000	1.000	1.000	1.000	1.000	1.000	1.000	1.000	0.988	0.988	0.988	0.988;...
		1.000	1.000	1.000	1.000	0.145	0.145	1.000	1.000	1.000	1.000	1.000	1.000	1.000	1.000	1.000	1.000	1.000	1.000	1.000	1.000	1.000	1.000	1.000	1.000	1.000	1.000	1.000	1.000	1.000	1.000	1.000	0.988;...
		1.000	1.000	1.000	1.000	0.145	0.145	1.000	1.000	1.000	1.000	1.000	1.000	1.000	1.000	1.000	1.000	1.000	1.000	1.000	1.000	1.000	1.000	1.000	1.000	1.000	1.000	1.000	1.000	0.988	0.988	0.988	0.996;...
		1.000	1.000	1.000	1.000	0.145	0.145	1.000	1.000	1.000	1.000	1.000	1.000	1.000	1.000	1.000	1.000	1.000	1.000	1.000	1.000	1.000	1.000	1.000	1.000	1.000	1.000	1.000	1.000	1.000	1.000	1.000	1.000;...
		1.000	1.000	1.000	1.000	0.145	0.145	1.000	1.000	1.000	1.000	1.000	1.000	1.000	1.000	1.000	1.000	1.000	1.000	1.000	1.000	1.000	1.000	1.000	1.000	1.000	1.000	1.000	1.000	1.000	0.988	0.988	0.996;...
		1.000	1.000	1.000	1.000	0.145	0.145	1.000	0.145	0.145	0.145	0.145	0.145	0.145	0.145	0.145	0.145	0.145	0.145	0.145	0.145	0.145	0.145	0.145	0.145	0.145	0.145	0.216	0.729	0.988	1.000	1.000	0.988;...
		1.000	1.000	1.000	1.000	0.145	0.145	1.000	0.145	0.145	0.145	0.145	0.145	0.145	0.145	0.145	0.145	0.145	0.145	0.145	0.145	0.145	0.145	0.145	0.145	0.145	0.145	0.145	0.216	1.000	1.000	1.000	1.000;...
		1.000	1.000	1.000	1.000	0.145	0.145	1.000	0.145	0.145	0.145	0.145	0.145	0.145	0.145	0.145	0.145	0.145	0.145	0.145	0.145	0.145	0.145	0.145	0.145	0.145	0.145	0.145	0.145	1.000	0.988	0.988	0.996;...
		1.000	1.000	1.000	1.000	0.145	0.145	1.000	0.145	0.145	0.812	1.000	1.000	1.000	1.000	1.000	1.000	0.812	0.145	0.145	0.812	1.000	1.000	1.000	1.000	0.812	0.145	0.145	0.145	0.988	1.000	1.000	0.988;...
		1.000	1.000	1.000	1.000	0.145	0.145	1.000	0.145	0.145	1.000	0.145	0.145	0.145	0.145	0.145	0.145	1.000	0.145	0.145	1.000	0.145	0.145	0.145	0.145	1.000	0.145	0.145	0.145	1.000	0.988	0.988	0.996;...
		0.988	1.000	0.988	0.988	0.145	0.145	1.000	0.145	0.145	1.000	0.145	0.145	0.145	0.145	0.145	0.145	1.000	0.145	0.145	1.000	0.145	0.145	0.145	0.145	1.000	0.145	0.145	0.145	1.000	1.000	1.000	1.000;...
		0.988	0.988	1.000	0.988	0.145	0.145	1.000	0.145	0.145	1.000	0.145	0.145	0.145	0.145	0.145	0.145	1.000	0.145	0.145	1.000	0.145	0.145	0.145	0.145	1.000	0.145	0.145	0.145	0.988	0.988	0.988	0.988;...
		1.000	1.000	1.000	1.000	0.145	0.145	1.000	0.145	0.145	1.000	0.145	0.145	0.145	0.145	0.145	0.145	1.000	0.145	0.145	1.000	0.145	0.145	0.145	0.145	1.000	0.145	0.145	0.145	1.000	1.000	1.000	0.988;...
		0.988	1.000	1.000	1.000	0.145	0.145	1.000	0.145	0.145	1.000	0.145	0.145	0.145	0.145	0.145	0.145	1.000	0.145	0.145	0.812	1.000	1.000	1.000	1.000	0.812	0.145	0.145	0.145	1.000	1.000	1.000	1.000;...
		0.988	0.988	0.988	0.988	0.145	0.145	1.000	0.145	0.145	1.000	0.145	0.145	0.145	0.145	0.145	0.145	1.000	0.145	0.145	0.145	0.145	0.145	0.145	0.145	0.145	0.145	0.145	0.145	0.988	1.000	0.988	0.988;...
		1.000	1.000	1.000	1.000	0.145	0.145	1.000	0.145	0.145	0.812	1.000	1.000	1.000	1.000	1.000	1.000	0.812	0.145	0.145	0.145	0.145	0.145	0.145	0.145	0.145	0.145	0.145	0.145	0.988	0.988	1.000	0.988;...
		0.996	0.988	0.988	1.000	0.145	0.145	1.000	0.145	0.145	0.145	0.145	0.145	0.145	0.145	0.145	0.145	0.145	0.145	0.145	0.145	0.145	0.145	0.145	0.145	0.145	0.145	0.145	0.145	1.000	1.000	1.000	1.000;...
		0.988	1.000	1.000	0.988	0.145	0.145	1.000	0.145	0.145	0.145	0.145	0.145	0.145	0.145	0.145	0.145	0.145	0.145	0.145	0.145	0.145	0.145	0.145	0.145	0.145	0.145	0.145	0.216	1.000	1.000	1.000	1.000;...
		0.996	0.988	0.988	1.000	0.145	0.145	1.000	0.145	0.145	0.145	0.145	0.145	0.145	0.145	0.145	0.145	0.145	0.145	0.145	0.145	0.145	0.145	0.145	0.145	0.145	0.145	0.216	0.729	1.000	1.000	1.000	1.000;...
		1.000	1.000	1.000	1.000	0.145	0.145	1.000	0.145	0.145	0.145	1.000	1.000	1.000	1.000	0.145	0.145	1.000	0.145	1.000	0.145	1.000	0.145	1.000	0.145	1.000	1.000	1.000	1.000	1.000	1.000	1.000	1.000;...
		0.988	1.000	1.000	0.988	0.145	0.145	1.000	0.145	0.145	0.145	1.000	1.000	1.000	1.000	0.145	0.145	1.000	0.145	1.000	0.145	1.000	0.145	1.000	0.145	1.000	1.000	1.000	1.000	1.000	1.000	1.000	1.000;...
		0.996	0.988	0.988	1.000	0.145	0.145	1.000	1.000	1.000	1.000	1.000	1.000	1.000	1.000	1.000	1.000	1.000	1.000	1.000	1.000	1.000	1.000	1.000	1.000	1.000	1.000	1.000	1.000	1.000	1.000	1.000	1.000;...
		1.000	1.000	1.000	1.000	0.145	0.145	1.000	1.000	1.000	1.000	1.000	1.000	1.000	1.000	1.000	1.000	1.000	1.000	1.000	1.000	1.000	1.000	1.000	1.000	1.000	1.000	1.000	1.000	1.000	1.000	1.000	1.000;...
		0.996	0.988	0.988	0.988	0.145	0.145	1.000	1.000	1.000	1.000	1.000	1.000	1.000	1.000	1.000	1.000	1.000	1.000	1.000	1.000	1.000	1.000	1.000	1.000	1.000	1.000	1.000	1.000	1.000	1.000	1.000	1.000;...
		0.988	1.000	1.000	1.000	0.145	0.145	1.000	1.000	1.000	1.000	1.000	1.000	1.000	1.000	1.000	1.000	1.000	1.000	1.000	1.000	1.000	1.000	1.000	1.000	1.000	1.000	1.000	1.000	1.000	1.000	1.000	1.000;...
		0.988	0.988	0.988	0.988	1.000	1.000	1.000	1.000	1.000	1.000	1.000	1.000	1.000	0.988	0.988	1.000	1.000	0.988	1.000	1.000	0.988	1.000	1.000	0.988	1.000	1.000	0.988	1.000	0.988	1.000	0.988	1.000;...
		1.000	1.000	1.000	1.000	1.000	1.000	1.000	1.000	1.000	1.000	1.000	1.000	1.000	0.988	1.000	1.000	1.000	0.988	1.000	0.988	1.000	0.988	1.000	1.000	0.988	1.000	0.988	1.000	0.988	1.000	0.988	1.000;...
		0.988	1.000	0.988	0.988	1.000	1.000	1.000	1.000	1.000	1.000	1.000	1.000	1.000	1.000	0.988	1.000	1.000	0.988	1.000	0.988	1.000	0.988	1.000	1.000	0.988	1.000	0.988	1.000	0.988	1.000	1.000	1.000;...
		1.000	1.000	1.000	1.000	1.000	1.000	1.000	1.000	1.000	1.000	1.000	1.000	1.000	0.988	0.988	1.000	0.988	0.988	1.000	0.996	0.988	0.996	1.000	0.988	0.996	1.000	0.996	0.988	0.988	1.000	0.988	1.000;...
	];
